 16.525144,80.611482,20130609130551,11,122.5,120
 16.525684,80.611392,20130609130551,11,122.5,120
 16.526373,80.611247,20130609130551,11,122.5,120
 16.527252,80.611140,20130609130551,11,122.5,120
 16.528044,80.611172,20130609130551,11,122.5,120
 16.529160,80.611548,20130609130551,11,122.5,120
 16.530081,80.612090,20130609130551,11,122.5,120
 16.530821,80.612734,20130609130551,11,122.5,120
 16.531654,80.613228,20130609130551,11,122.5,120
 16.531901,80.614044,20130609130551,11,122.5,120
16.58233,86.22336
16.58233,86.22336
